loading data

rejection =

     0     0     0     0     0     0
     0     0     0     0     0     0
     0     0     0     0     0     0
     0     0     0     0     0     0
     0     0     0     0     0     0
     0     0     0     0     0     0
     0     0     0     0     0     0
     0     0     0     0     0     0
     0     0     0     0     0     0
     0     0     0     0     0     0
     0     0     0     0     0     0
     0     0     0     0     0     0
     0     0     0     0     0     0
     0     0     0     0     0     0
     0     0     0     0     0     0
     0     0     0     0     0     0
     0     0     0     0     0     0
     0     0     0     0     0     0
     0     0     0     0     0     0
     0     0     0     0     0     0
     0     0     0     0     0     0


solve_w_screening_time =

     0     0     0     0     0     0
     0     0     0     0     0     0
     0     0     0     0     0     0
     0     0     0     0     0     0
     0     0     0     0     0     0
     0     0     0     0     0     0
     0     0     0     0     0     0
     0     0     0     0     0     0
     0     0     0     0     0     0
     0     0     0     0     0     0
     0     0     0     0     0     0
     0     0     0     0     0     0
     0     0     0     0     0     0
     0     0     0     0     0     0
     0     0     0     0     0     0
     0     0     0     0     0     0
     0     0     0     0     0     0
     0     0     0     0     0     0
     0     0     0     0     0     0
     0     0     0     0     0     0
     0     0     0     0     0     0

NT
load from cache
ST
load from cache

rejection =

         0         0         0         0         0         0
         0         0         0         0         0         0
         0         0         0         0         0         0
         0         0         0         0         0         0
         0         0         0         0         0         0
         0         0         0         0         0         0
         0         0         0         0         0         0
         0         0         0         0         0         0
         0         0         0         0         0         0
         0         0         0         0         0         0
         0         0         0         0         0         0
         0         0         0         0         0         0
         0    0.0010         0         0         0         0
         0    0.0176         0         0         0         0
         0    0.1034         0         0         0         0
         0    0.2968         0         0         0         0
         0    0.5462         0         0         0         0
         0    0.7732         0         0         0         0
         0    0.9188         0         0         0         0
         0    0.9838         0         0         0         0
         0    0.9980         0         0         0         0

DT
load from cache

rejection =

         0         0         0         0         0         0
         0         0         0         0         0         0
         0         0    0.0004         0         0         0
         0         0    0.0004         0         0         0
         0         0    0.0004         0         0         0
         0         0    0.0006         0         0         0
         0         0    0.0006         0         0         0
         0         0    0.0006         0         0         0
         0         0    0.0170         0         0         0
         0         0    0.0688         0         0         0
         0         0    0.1584         0         0         0
         0         0    0.2878         0         0         0
         0    0.0010    0.4542         0         0         0
         0    0.0176    0.6220         0         0         0
         0    0.1034    0.7632         0         0         0
         0    0.2968    0.8682         0         0         0
         0    0.5462    0.9318         0         0         0
         0    0.7732    0.9694         0         0         0
         0    0.9188    0.9884         0         0         0
         0    0.9838    0.9954         0         0         0
         0    0.9980    0.9986         0         0         0

ADT
load from cache

rejection =

         0         0         0         0         0         0
         0         0         0         0         0         0
         0         0    0.0004    0.0008         0         0
         0         0    0.0004    0.0010         0         0
         0         0    0.0004    0.0014         0         0
         0         0    0.0006    0.0014         0         0
         0         0    0.0006    0.0014         0         0
         0         0    0.0006    0.0032         0         0
         0         0    0.0170    0.0332         0         0
         0         0    0.0688    0.1226         0         0
         0         0    0.1584    0.2470         0         0
         0         0    0.2878    0.4286         0         0
         0    0.0010    0.4542    0.6072         0         0
         0    0.0176    0.6220    0.7586         0         0
         0    0.1034    0.7632    0.8560         0         0
         0    0.2968    0.8682    0.9254         0         0
         0    0.5462    0.9318    0.9622         0         0
         0    0.7732    0.9694    0.9822         0         0
         0    0.9188    0.9884    0.9922         0         0
         0    0.9838    0.9954    0.9960         0         0
         0    0.9980    0.9986    0.9980         0         0

ADT-MP
load from cache

rejection =

         0         0         0         0         0         0
         0         0         0         0         0         0
         0         0    0.0004    0.0008    0.0004         0
         0         0    0.0004    0.0010    0.0006         0
         0         0    0.0004    0.0014    0.0008         0
         0         0    0.0006    0.0014    0.0008         0
         0         0    0.0006    0.0014    0.0008         0
         0         0    0.0006    0.0032    0.0008         0
         0         0    0.0170    0.0332    0.0192         0
         0         0    0.0688    0.1226    0.0788         0
         0         0    0.1584    0.2470    0.1966         0
         0         0    0.2878    0.4286    0.3700         0
         0    0.0010    0.4542    0.6072    0.5448         0
         0    0.0176    0.6220    0.7586    0.6940         0
         0    0.1034    0.7632    0.8560    0.8074         0
         0    0.2968    0.8682    0.9254    0.8860         0
         0    0.5462    0.9318    0.9622    0.9412         0
         0    0.7732    0.9694    0.9822    0.9714         0
         0    0.9188    0.9884    0.9922    0.9892         0
         0    0.9838    0.9954    0.9960    0.9956         0
         0    0.9980    0.9986    0.9980    0.9980         0

ADT-OMP
load from cache

rejection =

         0         0         0         0         0         0
         0         0         0         0         0         0
         0         0    0.0004    0.0008    0.0004    0.0004
         0         0    0.0004    0.0010    0.0006    0.0006
         0         0    0.0004    0.0014    0.0008    0.0008
         0         0    0.0006    0.0014    0.0008    0.0008
         0         0    0.0006    0.0014    0.0008    0.0008
         0         0    0.0006    0.0032    0.0008    0.0008
         0         0    0.0170    0.0332    0.0192    0.0192
         0         0    0.0688    0.1226    0.0788    0.0788
         0         0    0.1584    0.2470    0.1966    0.1966
         0         0    0.2878    0.4286    0.3700    0.3700
         0    0.0010    0.4542    0.6072    0.5448    0.5448
         0    0.0176    0.6220    0.7586    0.6940    0.6940
         0    0.1034    0.7632    0.8560    0.8074    0.8074
         0    0.2968    0.8682    0.9254    0.8860    0.8860
         0    0.5462    0.9318    0.9622    0.9412    0.9412
         0    0.7732    0.9694    0.9822    0.9714    0.9714
         0    0.9188    0.9884    0.9922    0.9892    0.9892
         0    0.9838    0.9954    0.9960    0.9956    0.9956
         0    0.9980    0.9986    0.9980    0.9980    0.9980


outputfolder =

22-Apr-2013-1441_mnist_99_500_100_10_0.05

